8
9
12
18
25
29
37
44
52
63
73
93
111
135
160
191
199
221
277
280
315
369
406
451
517
620
690
758
803
909
956
1041
1110
1178
1249
1346
1448
1532
1649
1708
1816
1906
2032
2085
2178
2313
2377
2483
2644
2792
2939
3066
3201
3317
3511
3611
3816
4024
4210
4292
4483
4686
4920
5069
5227
5472
5696
5877
5955
6167
6408
6628
6747
6874
6947
7237
7456
7493
7656
7808
7934
8086
8203
8364
8540
8607
8680
8781
8902
8854
9007
9069
9098
9129
9045
9065
9189
9249
9326
9254
9231
9250
9272
9287
9254
9319
9330
9459
9420
9400
9384
9339
9423
9556
9438
9431
9304
9285
9359
9510
9481
9419
9430
9330
9384
9368
9357
9300
9368
9368
9491
9428
9391
9424
9395
9452
9483
9390
9284
9269
9298
9424
9371
9432
9403
9373
9499
9424
9420
9430
9258
9305
9308
9271
9334
9380
9273
9213
9372
9376
9361
9402
9298
9348
9349
9458
9391
9353
9339
9337
9360
9268
9357
9422
9440
9441
9413
9391
9463
9408
9380
9380
9265
9228
9348
9201
9283
9319
9325
9217
9256
9403
9400
9253
9389
9384
9377
9440
9381
9347
